&control
  calculation = 'nscf'
  prefix      = 'mos2'
  outdir      = './'
  pseudo_dir  = '/home/giovanni/codes/q-e-EPW-6.1/pseudo'
  tprnfor     = .true.
/
&system
  ibrav       = 4
  celldm(1)   = 6.016888
  celldm(3)   = 6.281407
  nat         = 3
  ntyp        = 2
  ecutwfc     = 80
  nbnd        = 30
  assume_isolated = '2D'
/
&electrons
  conv_thr    = 1.0d-12
/
ATOMIC_SPECIES
  Mo  95.95   Mo-PBE.upf
  S   32.06   S-PBE.upf
ATOMIC_POSITIONS crystal
  Mo  0.333333333333  0.666666666667  0.000000000000
  S   0.666666666667  0.333333333333  0.078200000000
  S   0.666666666667  0.333333333333 -0.078200000000
K_POINTS crystal
144
  0.000000000000 0.000000000000 0.000000000000 6.9444444444e-03
  0.000000000000 0.083333333333 0.000000000000 6.9444444444e-03
  0.000000000000 0.166666666667 0.000000000000 6.9444444444e-03
  0.000000000000 0.250000000000 0.000000000000 6.9444444444e-03
  0.000000000000 0.333333333333 0.000000000000 6.9444444444e-03
  0.000000000000 0.416666666667 0.000000000000 6.9444444444e-03
  0.000000000000 0.500000000000 0.000000000000 6.9444444444e-03
  0.000000000000 0.583333333333 0.000000000000 6.9444444444e-03
  0.000000000000 0.666666666667 0.000000000000 6.9444444444e-03
  0.000000000000 0.750000000000 0.000000000000 6.9444444444e-03
  0.000000000000 0.833333333333 0.000000000000 6.9444444444e-03
  0.000000000000 0.916666666667 0.000000000000 6.9444444444e-03
  0.083333333333 0.000000000000 0.000000000000 6.9444444444e-03
  0.083333333333 0.083333333333 0.000000000000 6.9444444444e-03
  0.083333333333 0.166666666667 0.000000000000 6.9444444444e-03
  0.083333333333 0.250000000000 0.000000000000 6.9444444444e-03
  0.083333333333 0.333333333333 0.000000000000 6.9444444444e-03
  0.083333333333 0.416666666667 0.000000000000 6.9444444444e-03
  0.083333333333 0.500000000000 0.000000000000 6.9444444444e-03
  0.083333333333 0.583333333333 0.000000000000 6.9444444444e-03
  0.083333333333 0.666666666667 0.000000000000 6.9444444444e-03
  0.083333333333 0.750000000000 0.000000000000 6.9444444444e-03
  0.083333333333 0.833333333333 0.000000000000 6.9444444444e-03
  0.083333333333 0.916666666667 0.000000000000 6.9444444444e-03
  0.166666666667 0.000000000000 0.000000000000 6.9444444444e-03
  0.166666666667 0.083333333333 0.000000000000 6.9444444444e-03
  0.166666666667 0.166666666667 0.000000000000 6.9444444444e-03
  0.166666666667 0.250000000000 0.000000000000 6.9444444444e-03
  0.166666666667 0.333333333333 0.000000000000 6.9444444444e-03
  0.166666666667 0.416666666667 0.000000000000 6.9444444444e-03
  0.166666666667 0.500000000000 0.000000000000 6.9444444444e-03
  0.166666666667 0.583333333333 0.000000000000 6.9444444444e-03
  0.166666666667 0.666666666667 0.000000000000 6.9444444444e-03
  0.166666666667 0.750000000000 0.000000000000 6.9444444444e-03
  0.166666666667 0.833333333333 0.000000000000 6.9444444444e-03
  0.166666666667 0.916666666667 0.000000000000 6.9444444444e-03
  0.250000000000 0.000000000000 0.000000000000 6.9444444444e-03
  0.250000000000 0.083333333333 0.000000000000 6.9444444444e-03
  0.250000000000 0.166666666667 0.000000000000 6.9444444444e-03
  0.250000000000 0.250000000000 0.000000000000 6.9444444444e-03
  0.250000000000 0.333333333333 0.000000000000 6.9444444444e-03
  0.250000000000 0.416666666667 0.000000000000 6.9444444444e-03
  0.250000000000 0.500000000000 0.000000000000 6.9444444444e-03
  0.250000000000 0.583333333333 0.000000000000 6.9444444444e-03
  0.250000000000 0.666666666667 0.000000000000 6.9444444444e-03
  0.250000000000 0.750000000000 0.000000000000 6.9444444444e-03
  0.250000000000 0.833333333333 0.000000000000 6.9444444444e-03
  0.250000000000 0.916666666667 0.000000000000 6.9444444444e-03
  0.333333333333 0.000000000000 0.000000000000 6.9444444444e-03
  0.333333333333 0.083333333333 0.000000000000 6.9444444444e-03
  0.333333333333 0.166666666667 0.000000000000 6.9444444444e-03
  0.333333333333 0.250000000000 0.000000000000 6.9444444444e-03
  0.333333333333 0.333333333333 0.000000000000 6.9444444444e-03
  0.333333333333 0.416666666667 0.000000000000 6.9444444444e-03
  0.333333333333 0.500000000000 0.000000000000 6.9444444444e-03
  0.333333333333 0.583333333333 0.000000000000 6.9444444444e-03
  0.333333333333 0.666666666667 0.000000000000 6.9444444444e-03
  0.333333333333 0.750000000000 0.000000000000 6.9444444444e-03
  0.333333333333 0.833333333333 0.000000000000 6.9444444444e-03
  0.333333333333 0.916666666667 0.000000000000 6.9444444444e-03
  0.416666666667 0.000000000000 0.000000000000 6.9444444444e-03
  0.416666666667 0.083333333333 0.000000000000 6.9444444444e-03
  0.416666666667 0.166666666667 0.000000000000 6.9444444444e-03
  0.416666666667 0.250000000000 0.000000000000 6.9444444444e-03
  0.416666666667 0.333333333333 0.000000000000 6.9444444444e-03
  0.416666666667 0.416666666667 0.000000000000 6.9444444444e-03
  0.416666666667 0.500000000000 0.000000000000 6.9444444444e-03
  0.416666666667 0.583333333333 0.000000000000 6.9444444444e-03
  0.416666666667 0.666666666667 0.000000000000 6.9444444444e-03
  0.416666666667 0.750000000000 0.000000000000 6.9444444444e-03
  0.416666666667 0.833333333333 0.000000000000 6.9444444444e-03
  0.416666666667 0.916666666667 0.000000000000 6.9444444444e-03
  0.500000000000 0.000000000000 0.000000000000 6.9444444444e-03
  0.500000000000 0.083333333333 0.000000000000 6.9444444444e-03
  0.500000000000 0.166666666667 0.000000000000 6.9444444444e-03
  0.500000000000 0.250000000000 0.000000000000 6.9444444444e-03
  0.500000000000 0.333333333333 0.000000000000 6.9444444444e-03
  0.500000000000 0.416666666667 0.000000000000 6.9444444444e-03
  0.500000000000 0.500000000000 0.000000000000 6.9444444444e-03
  0.500000000000 0.583333333333 0.000000000000 6.9444444444e-03
  0.500000000000 0.666666666667 0.000000000000 6.9444444444e-03
  0.500000000000 0.750000000000 0.000000000000 6.9444444444e-03
  0.500000000000 0.833333333333 0.000000000000 6.9444444444e-03
  0.500000000000 0.916666666667 0.000000000000 6.9444444444e-03
  0.583333333333 0.000000000000 0.000000000000 6.9444444444e-03
  0.583333333333 0.083333333333 0.000000000000 6.9444444444e-03
  0.583333333333 0.166666666667 0.000000000000 6.9444444444e-03
  0.583333333333 0.250000000000 0.000000000000 6.9444444444e-03
  0.583333333333 0.333333333333 0.000000000000 6.9444444444e-03
  0.583333333333 0.416666666667 0.000000000000 6.9444444444e-03
  0.583333333333 0.500000000000 0.000000000000 6.9444444444e-03
  0.583333333333 0.583333333333 0.000000000000 6.9444444444e-03
  0.583333333333 0.666666666667 0.000000000000 6.9444444444e-03
  0.583333333333 0.750000000000 0.000000000000 6.9444444444e-03
  0.583333333333 0.833333333333 0.000000000000 6.9444444444e-03
  0.583333333333 0.916666666667 0.000000000000 6.9444444444e-03
  0.666666666667 0.000000000000 0.000000000000 6.9444444444e-03
  0.666666666667 0.083333333333 0.000000000000 6.9444444444e-03
  0.666666666667 0.166666666667 0.000000000000 6.9444444444e-03
  0.666666666667 0.250000000000 0.000000000000 6.9444444444e-03
  0.666666666667 0.333333333333 0.000000000000 6.9444444444e-03
  0.666666666667 0.416666666667 0.000000000000 6.9444444444e-03
  0.666666666667 0.500000000000 0.000000000000 6.9444444444e-03
  0.666666666667 0.583333333333 0.000000000000 6.9444444444e-03
  0.666666666667 0.666666666667 0.000000000000 6.9444444444e-03
  0.666666666667 0.750000000000 0.000000000000 6.9444444444e-03
  0.666666666667 0.833333333333 0.000000000000 6.9444444444e-03
  0.666666666667 0.916666666667 0.000000000000 6.9444444444e-03
  0.750000000000 0.000000000000 0.000000000000 6.9444444444e-03
  0.750000000000 0.083333333333 0.000000000000 6.9444444444e-03
  0.750000000000 0.166666666667 0.000000000000 6.9444444444e-03
  0.750000000000 0.250000000000 0.000000000000 6.9444444444e-03
  0.750000000000 0.333333333333 0.000000000000 6.9444444444e-03
  0.750000000000 0.416666666667 0.000000000000 6.9444444444e-03
  0.750000000000 0.500000000000 0.000000000000 6.9444444444e-03
  0.750000000000 0.583333333333 0.000000000000 6.9444444444e-03
  0.750000000000 0.666666666667 0.000000000000 6.9444444444e-03
  0.750000000000 0.750000000000 0.000000000000 6.9444444444e-03
  0.750000000000 0.833333333333 0.000000000000 6.9444444444e-03
  0.750000000000 0.916666666667 0.000000000000 6.9444444444e-03
  0.833333333333 0.000000000000 0.000000000000 6.9444444444e-03
  0.833333333333 0.083333333333 0.000000000000 6.9444444444e-03
  0.833333333333 0.166666666667 0.000000000000 6.9444444444e-03
  0.833333333333 0.250000000000 0.000000000000 6.9444444444e-03
  0.833333333333 0.333333333333 0.000000000000 6.9444444444e-03
  0.833333333333 0.416666666667 0.000000000000 6.9444444444e-03
  0.833333333333 0.500000000000 0.000000000000 6.9444444444e-03
  0.833333333333 0.583333333333 0.000000000000 6.9444444444e-03
  0.833333333333 0.666666666667 0.000000000000 6.9444444444e-03
  0.833333333333 0.750000000000 0.000000000000 6.9444444444e-03
  0.833333333333 0.833333333333 0.000000000000 6.9444444444e-03
  0.833333333333 0.916666666667 0.000000000000 6.9444444444e-03
  0.916666666667 0.000000000000 0.000000000000 6.9444444444e-03
  0.916666666667 0.083333333333 0.000000000000 6.9444444444e-03
  0.916666666667 0.166666666667 0.000000000000 6.9444444444e-03
  0.916666666667 0.250000000000 0.000000000000 6.9444444444e-03
  0.916666666667 0.333333333333 0.000000000000 6.9444444444e-03
  0.916666666667 0.416666666667 0.000000000000 6.9444444444e-03
  0.916666666667 0.500000000000 0.000000000000 6.9444444444e-03
  0.916666666667 0.583333333333 0.000000000000 6.9444444444e-03
  0.916666666667 0.666666666667 0.000000000000 6.9444444444e-03
  0.916666666667 0.750000000000 0.000000000000 6.9444444444e-03
  0.916666666667 0.833333333333 0.000000000000 6.9444444444e-03
  0.916666666667 0.916666666667 0.000000000000 6.9444444444e-03
